Steam_ID,Timestamp,Flow_Rate_tonh,Pressure_MPa,Temperature_C,Enthalpy,Equipment_ID
ST0001,2025-09-01 00:00:00,47.85,3.7,183.0,2885.3,EQ005
ST0002,2025-09-01 01:00:00,77.07,3.23,193.9,2861.5,EQ012
ST0003,2025-09-01 02:00:00,56.34,1.44,254.7,2801.4,EQ019
ST0004,2025-09-01 03:00:00,32.7,3.65,255.8,2848.7,EQ026
ST0005,2025-09-01 04:00:00,43.99,1.21,170.6,2990.4,EQ033
ST0006,2025-09-01 05:00:00,41.53,3.1,181.6,2749.0,EQ040
ST0007,2025-09-01 06:00:00,70.82,1.0,296.7,2879.3,EQ047
ST0008,2025-09-01 07:00:00,62.5,2.09,167.1,2799.6,EQ006
ST0009,2025-09-01 08:00:00,31.69,1.47,207.6,2930.9,EQ013
ST0010,2025-09-01 09:00:00,34.22,1.48,241.5,2798.1,EQ020
ST0011,2025-09-01 10:00:00,73.14,1.85,156.7,2682.3,EQ027
ST0012,2025-09-01 11:00:00,39.22,2.01,157.8,2722.1,EQ034
ST0013,2025-09-01 12:00:00,57.08,1.72,153.9,2843.5,EQ041
ST0014,2025-09-01 13:00:00,74.66,3.73,286.1,2924.1,EQ048
ST0015,2025-09-01 14:00:00,59.55,3.15,201.1,2931.7,EQ004
ST0016,2025-09-01 15:00:00,51.7,2.0,259.4,2894.2,EQ011
ST0017,2025-09-01 16:00:00,32.86,0.88,208.2,2888.5,EQ018
ST0018,2025-09-01 17:00:00,63.9,3.5,290.7,2785.4,EQ025
ST0019,2025-09-01 18:00:00,58.63,2.49,227.8,2665.0,EQ032
ST0020,2025-09-01 19:00:00,49.06,3.11,288.7,2652.7,EQ039
ST0021,2025-09-01 20:00:00,30.76,3.3,292.6,2634.2,EQ046
ST0022,2025-09-01 21:00:00,42.5,2.4,200.6,2757.8,EQ005
ST0023,2025-09-01 22:00:00,60.78,1.77,248.9,2913.0,EQ012
ST0024,2025-09-01 23:00:00,70.51,2.63,168.6,2827.4,EQ019
ST0025,2025-09-02 00:00:00,46.05,1.43,176.8,2785.1,EQ026
ST0026,2025-09-02 01:00:00,52.0,2.13,294.9,2792.1,EQ033
ST0027,2025-09-02 02:00:00,72.22,1.26,158.8,2975.5,EQ040
ST0028,2025-09-02 03:00:00,43.82,2.64,197.1,2625.6,EQ047
ST0029,2025-09-02 04:00:00,38.99,3.18,191.4,2947.6,EQ006
ST0030,2025-09-02 05:00:00,36.36,2.71,172.0,2847.2,EQ013
ST0031,2025-09-02 06:00:00,32.48,0.9,155.8,2873.8,EQ020
ST0032,2025-09-02 07:00:00,73.03,2.53,156.3,2886.9,EQ027
ST0033,2025-09-02 08:00:00,33.04,3.0,188.9,2703.0,EQ034
ST0034,2025-09-02 09:00:00,63.92,3.5,203.0,2887.3,EQ041
ST0035,2025-09-02 10:00:00,60.03,1.72,161.6,2777.5,EQ048
ST0036,2025-09-02 11:00:00,55.55,1.33,198.9,2748.5,EQ004
ST0037,2025-09-02 12:00:00,71.13,1.96,246.3,2950.3,EQ011
ST0038,2025-09-02 13:00:00,37.15,1.64,268.2,2734.0,EQ018
ST0039,2025-09-02 14:00:00,50.41,2.78,220.6,2989.4,EQ025
ST0040,2025-09-02 15:00:00,61.1,1.06,156.7,2972.1,EQ032
ST0041,2025-09-02 16:00:00,75.59,0.59,241.4,2923.2,EQ039
ST0042,2025-09-02 17:00:00,55.54,3.23,226.2,2832.6,EQ046
ST0043,2025-09-02 18:00:00,47.2,1.25,274.6,2613.0,EQ005
ST0044,2025-09-02 19:00:00,66.31,1.83,299.7,2631.4,EQ012
ST0045,2025-09-02 20:00:00,33.87,3.77,183.7,2801.4,EQ019
ST0046,2025-09-02 21:00:00,58.72,2.42,212.7,2893.2,EQ026
ST0047,2025-09-02 22:00:00,72.38,2.35,157.7,2788.9,EQ033
ST0048,2025-09-02 23:00:00,56.22,2.04,190.4,2934.4,EQ040
ST0049,2025-09-03 00:00:00,44.65,1.35,186.5,2907.1,EQ047
ST0050,2025-09-03 01:00:00,48.1,2.1,262.2,2646.2,EQ006
ST0051,2025-09-03 02:00:00,42.05,3.06,282.0,2744.8,EQ013
ST0052,2025-09-03 03:00:00,47.6,2.27,287.2,2861.3,EQ020
ST0053,2025-09-03 04:00:00,60.26,2.07,212.8,2827.7,EQ027
ST0054,2025-09-03 05:00:00,71.34,0.94,230.6,2910.6,EQ034
ST0055,2025-09-03 06:00:00,50.38,2.55,170.7,2704.1,EQ041
ST0056,2025-09-03 07:00:00,44.34,1.6,162.2,2768.4,EQ048
ST0057,2025-09-03 08:00:00,79.16,2.52,244.9,2909.1,EQ004
ST0058,2025-09-03 09:00:00,74.99,3.57,152.3,2648.3,EQ011
ST0059,2025-09-03 10:00:00,43.17,2.44,289.5,2897.1,EQ018
ST0060,2025-09-03 11:00:00,36.32,0.62,214.7,2876.0,EQ025
ST0061,2025-09-03 12:00:00,79.5,0.96,280.0,2967.4,EQ032
ST0062,2025-09-03 13:00:00,75.21,1.74,210.3,2822.8,EQ039
ST0063,2025-09-03 14:00:00,65.6,0.92,284.6,2959.3,EQ046
ST0064,2025-09-03 15:00:00,59.57,2.66,299.1,2618.1,EQ005
ST0065,2025-09-03 16:00:00,66.94,1.74,217.3,2763.5,EQ012
ST0066,2025-09-03 17:00:00,52.49,3.42,193.4,2790.8,EQ019
ST0067,2025-09-03 18:00:00,36.73,1.14,264.9,2966.5,EQ026
ST0068,2025-09-03 19:00:00,76.83,0.79,284.3,2837.4,EQ033
ST0069,2025-09-03 20:00:00,48.49,2.77,206.9,2775.4,EQ040
ST0070,2025-09-03 21:00:00,55.43,2.56,291.7,2638.8,EQ047
ST0071,2025-09-03 22:00:00,44.87,1.69,234.6,2958.9,EQ006
ST0072,2025-09-03 23:00:00,58.99,3.45,214.0,2729.1,EQ013
ST0073,2025-09-04 00:00:00,45.93,1.12,171.5,2925.6,EQ020
ST0074,2025-09-04 01:00:00,66.73,3.96,181.6,2807.7,EQ027
ST0075,2025-09-04 02:00:00,58.76,2.65,164.9,2713.9,EQ034
ST0076,2025-09-04 03:00:00,35.93,1.46,215.8,2954.1,EQ041
ST0077,2025-09-04 04:00:00,44.42,3.71,298.3,2901.4,EQ048
ST0078,2025-09-04 05:00:00,76.23,2.83,171.2,2682.7,EQ004
ST0079,2025-09-04 06:00:00,71.94,3.14,154.1,2961.0,EQ011
ST0080,2025-09-04 07:00:00,77.99,2.39,269.8,2602.7,EQ018
ST0081,2025-09-04 08:00:00,71.63,0.59,180.5,2976.7,EQ025
ST0082,2025-09-04 09:00:00,58.56,3.06,228.1,2932.4,EQ032
ST0083,2025-09-04 10:00:00,44.75,0.88,255.9,2937.9,EQ039
ST0084,2025-09-04 11:00:00,52.22,2.01,189.5,2945.8,EQ046
ST0085,2025-09-04 12:00:00,79.65,3.06,167.5,2741.5,EQ005
ST0086,2025-09-04 13:00:00,33.95,3.28,259.1,2730.8,EQ012
ST0087,2025-09-04 14:00:00,55.35,1.47,244.6,2805.1,EQ019
ST0088,2025-09-04 15:00:00,68.85,2.97,197.2,2969.9,EQ026
ST0089,2025-09-04 16:00:00,51.67,3.76,269.1,2727.0,EQ033
ST0090,2025-09-04 17:00:00,72.07,2.81,281.6,2614.3,EQ040
ST0091,2025-09-04 18:00:00,61.72,0.53,170.5,2750.5,EQ047
ST0092,2025-09-04 19:00:00,77.16,2.86,189.8,2660.6,EQ006
ST0093,2025-09-04 20:00:00,70.69,3.07,192.4,2679.4,EQ013
ST0094,2025-09-04 21:00:00,73.79,3.83,278.6,2899.8,EQ020
ST0095,2025-09-04 22:00:00,30.16,0.74,233.7,2683.4,EQ027
ST0096,2025-09-04 23:00:00,38.91,1.96,189.5,2752.1,EQ034
ST0097,2025-09-05 00:00:00,59.19,2.73,222.6,2862.8,EQ041
ST0098,2025-09-05 01:00:00,39.0,1.55,184.8,2716.8,EQ048
ST0099,2025-09-05 02:00:00,54.25,3.29,208.8,2742.9,EQ004
ST0100,2025-09-05 03:00:00,54.05,0.84,166.9,2952.4,EQ011
ST0101,2025-09-05 04:00:00,67.75,1.51,295.4,2730.2,EQ018
ST0102,2025-09-05 05:00:00,63.12,0.91,219.7,2727.6,EQ025
ST0103,2025-09-05 06:00:00,35.68,2.94,255.7,2909.5,EQ032
ST0104,2025-09-05 07:00:00,54.19,3.32,223.4,2764.8,EQ039
ST0105,2025-09-05 08:00:00,41.74,1.52,226.1,2955.9,EQ046
ST0106,2025-09-05 09:00:00,69.14,0.71,265.8,2704.6,EQ005
ST0107,2025-09-05 10:00:00,45.88,1.87,216.3,2759.5,EQ012
ST0108,2025-09-05 11:00:00,75.62,1.44,259.2,2735.9,EQ019
ST0109,2025-09-05 12:00:00,70.93,1.58,211.5,2829.0,EQ026
ST0110,2025-09-05 13:00:00,38.33,1.22,243.8,2979.2,EQ033
ST0111,2025-09-05 14:00:00,60.67,1.65,240.7,2608.0,EQ040
ST0112,2025-09-05 15:00:00,66.11,3.31,163.5,2881.9,EQ047
ST0113,2025-09-05 16:00:00,75.61,3.18,232.9,2862.0,EQ006
ST0114,2025-09-05 17:00:00,55.93,1.77,179.8,2662.8,EQ013
ST0115,2025-09-05 18:00:00,56.78,3.51,184.4,2920.5,EQ020
ST0116,2025-09-05 19:00:00,75.53,1.66,182.3,2893.3,EQ027
ST0117,2025-09-05 20:00:00,77.0,0.63,153.0,2976.1,EQ034
ST0118,2025-09-05 21:00:00,35.13,1.89,222.7,2662.8,EQ041
ST0119,2025-09-05 22:00:00,45.07,1.31,265.9,2698.9,EQ048
ST0120,2025-09-05 23:00:00,43.62,0.93,267.6,2862.1,EQ004
ST0121,2025-09-06 00:00:00,36.56,3.09,190.5,2634.0,EQ011
ST0122,2025-09-06 01:00:00,33.69,3.03,264.4,2766.2,EQ018
ST0123,2025-09-06 02:00:00,30.74,3.41,240.7,2660.7,EQ025
ST0124,2025-09-06 03:00:00,66.79,3.27,179.1,2842.3,EQ032
ST0125,2025-09-06 04:00:00,45.61,1.63,226.9,2609.4,EQ039
ST0126,2025-09-06 05:00:00,43.7,1.21,189.6,2862.4,EQ046
ST0127,2025-09-06 06:00:00,53.57,1.52,164.0,2986.8,EQ005
ST0128,2025-09-06 07:00:00,58.05,2.19,286.1,2813.3,EQ012
ST0129,2025-09-06 08:00:00,42.23,0.56,224.6,2757.5,EQ019
ST0130,2025-09-06 09:00:00,48.64,2.41,166.2,2689.6,EQ026
ST0131,2025-09-06 10:00:00,78.76,1.89,184.8,2747.9,EQ033
ST0132,2025-09-06 11:00:00,58.16,2.75,199.9,2923.9,EQ040
ST0133,2025-09-06 12:00:00,78.79,0.83,175.4,2945.9,EQ047
ST0134,2025-09-06 13:00:00,54.49,1.37,171.2,2846.6,EQ006
ST0135,2025-09-06 14:00:00,53.68,3.03,235.0,2693.0,EQ013
ST0136,2025-09-06 15:00:00,68.37,1.38,196.7,2735.1,EQ020
ST0137,2025-09-06 16:00:00,37.53,1.63,234.8,2762.6,EQ027
ST0138,2025-09-06 17:00:00,30.28,2.92,263.3,2917.9,EQ034
ST0139,2025-09-06 18:00:00,57.28,1.6,247.8,2728.7,EQ041
ST0140,2025-09-06 19:00:00,65.44,2.3,278.8,2997.1,EQ048
ST0141,2025-09-06 20:00:00,34.07,0.87,254.9,2750.3,EQ004
ST0142,2025-09-06 21:00:00,67.84,1.07,262.2,2666.5,EQ011
ST0143,2025-09-06 22:00:00,51.88,3.9,155.9,2769.7,EQ018
ST0144,2025-09-06 23:00:00,38.54,3.31,223.1,2899.6,EQ025
ST0145,2025-09-07 00:00:00,57.35,1.9,194.5,2774.2,EQ032
ST0146,2025-09-07 01:00:00,44.71,3.73,251.5,2809.0,EQ039
ST0147,2025-09-07 02:00:00,60.76,1.8,247.5,2656.6,EQ046
ST0148,2025-09-07 03:00:00,56.16,1.22,242.1,2885.8,EQ005
ST0149,2025-09-07 04:00:00,55.97,1.38,219.4,2974.5,EQ012
ST0150,2025-09-07 05:00:00,76.35,3.02,277.9,2654.1,EQ019
ST0151,2025-09-07 06:00:00,56.22,3.4,151.5,2766.5,EQ026
ST0152,2025-09-07 07:00:00,37.52,0.73,296.5,2724.7,EQ033
ST0153,2025-09-07 08:00:00,39.38,2.93,230.7,2732.4,EQ040
ST0154,2025-09-07 09:00:00,33.06,2.14,173.5,2740.2,EQ047
ST0155,2025-09-07 10:00:00,57.96,1.29,244.3,2971.2,EQ006
ST0156,2025-09-07 11:00:00,43.73,3.37,280.2,2833.8,EQ013
ST0157,2025-09-07 12:00:00,45.29,2.69,210.5,2701.9,EQ020
ST0158,2025-09-07 13:00:00,57.05,2.81,161.6,2661.0,EQ027
ST0159,2025-09-07 14:00:00,66.53,1.48,189.4,2640.9,EQ034
ST0160,2025-09-07 15:00:00,69.84,2.56,264.9,2732.1,EQ041
ST0161,2025-09-07 16:00:00,68.6,2.57,191.6,2922.9,EQ048
ST0162,2025-09-07 17:00:00,73.57,2.84,221.0,2667.2,EQ004
ST0163,2025-09-07 18:00:00,69.17,3.96,163.7,2921.3,EQ011
ST0164,2025-09-07 19:00:00,37.32,1.08,281.2,2729.3,EQ018
ST0165,2025-09-07 20:00:00,74.8,0.68,226.8,2775.9,EQ025
ST0166,2025-09-07 21:00:00,63.24,1.64,225.1,2646.9,EQ032
ST0167,2025-09-07 22:00:00,58.01,1.82,207.8,2789.8,EQ039
ST0168,2025-09-07 23:00:00,45.59,2.33,229.6,2953.3,EQ046
ST0169,2025-09-08 00:00:00,72.11,3.84,291.8,2933.4,EQ005
ST0170,2025-09-08 01:00:00,65.57,3.44,234.1,2796.0,EQ012
ST0171,2025-09-08 02:00:00,69.45,2.9,233.7,2774.2,EQ019
ST0172,2025-09-08 03:00:00,47.41,0.59,204.9,2786.4,EQ026
ST0173,2025-09-08 04:00:00,63.5,3.05,182.1,2823.9,EQ033
ST0174,2025-09-08 05:00:00,79.9,3.79,207.4,2671.6,EQ040
ST0175,2025-09-08 06:00:00,67.38,0.54,216.3,2810.4,EQ047
ST0176,2025-09-08 07:00:00,30.28,1.59,164.1,2747.5,EQ006
ST0177,2025-09-08 08:00:00,42.69,3.73,241.0,2613.4,EQ013
ST0178,2025-09-08 09:00:00,43.75,2.18,156.6,2878.2,EQ020
ST0179,2025-09-08 10:00:00,42.65,2.69,295.7,2929.3,EQ027
ST0180,2025-09-08 11:00:00,73.16,3.75,299.6,2852.9,EQ034
ST0181,2025-09-08 12:00:00,54.52,2.16,281.2,2900.2,EQ041
ST0182,2025-09-08 13:00:00,70.37,0.63,154.3,2957.7,EQ048
ST0183,2025-09-08 14:00:00,37.66,3.08,280.6,2652.7,EQ004
ST0184,2025-09-08 15:00:00,50.98,3.46,158.4,2855.0,EQ011
ST0185,2025-09-08 16:00:00,33.12,0.84,231.6,2993.4,EQ018
ST0186,2025-09-08 17:00:00,39.71,2.65,152.5,2934.9,EQ025
ST0187,2025-09-08 18:00:00,72.41,1.61,256.4,2962.3,EQ032
ST0188,2025-09-08 19:00:00,59.34,3.81,227.5,2976.2,EQ039
ST0189,2025-09-08 20:00:00,50.16,3.43,250.4,2626.0,EQ046
ST0190,2025-09-08 21:00:00,71.25,2.26,259.3,2633.6,EQ005
ST0191,2025-09-08 22:00:00,52.17,1.46,179.8,2802.2,EQ012
ST0192,2025-09-08 23:00:00,38.65,3.11,275.7,2601.3,EQ019
ST0193,2025-09-09 00:00:00,43.69,1.73,201.2,2827.3,EQ026
ST0194,2025-09-09 01:00:00,64.81,2.48,219.5,2646.5,EQ033
ST0195,2025-09-09 02:00:00,34.53,3.05,177.8,2836.5,EQ040
ST0196,2025-09-09 03:00:00,78.29,3.18,268.3,2687.0,EQ047
ST0197,2025-09-09 04:00:00,48.73,0.78,258.6,2698.7,EQ006
ST0198,2025-09-09 05:00:00,71.87,2.75,285.2,2676.4,EQ013
ST0199,2025-09-09 06:00:00,67.79,0.96,158.0,2882.4,EQ020
ST0200,2025-09-09 07:00:00,38.9,0.99,197.3,2690.4,EQ027
ST0201,2025-09-09 08:00:00,39.41,3.59,176.6,2718.0,EQ034
ST0202,2025-09-09 09:00:00,64.88,1.43,223.5,2831.5,EQ041
ST0203,2025-09-09 10:00:00,47.44,2.75,217.5,2852.4,EQ048
ST0204,2025-09-09 11:00:00,71.59,0.63,275.2,2754.3,EQ004
ST0205,2025-09-09 12:00:00,56.9,1.24,255.3,2738.8,EQ011
ST0206,2025-09-09 13:00:00,70.55,3.29,181.1,2879.9,EQ018
ST0207,2025-09-09 14:00:00,55.19,3.4,269.1,2636.3,EQ025
ST0208,2025-09-09 15:00:00,68.67,1.4,220.2,2612.6,EQ032
ST0209,2025-09-09 16:00:00,35.76,2.8,178.0,2655.9,EQ039
ST0210,2025-09-09 17:00:00,59.34,1.8,206.7,2835.4,EQ046
ST0211,2025-09-09 18:00:00,31.69,2.95,244.4,2947.7,EQ005
ST0212,2025-09-09 19:00:00,30.39,1.97,200.2,2859.2,EQ012
ST0213,2025-09-09 20:00:00,35.01,3.7,195.9,2786.7,EQ019
ST0214,2025-09-09 21:00:00,39.31,0.58,271.4,2782.6,EQ026
ST0215,2025-09-09 22:00:00,58.8,2.02,209.9,2933.6,EQ033
ST0216,2025-09-09 23:00:00,42.63,1.81,200.7,2871.4,EQ040
ST0217,2025-09-10 00:00:00,45.01,3.9,281.6,2905.3,EQ047
ST0218,2025-09-10 01:00:00,75.04,2.27,213.1,2909.6,EQ006
ST0219,2025-09-10 02:00:00,77.7,1.9,154.3,2804.9,EQ013
ST0220,2025-09-10 03:00:00,76.12,3.6,294.8,2977.1,EQ020
ST0221,2025-09-10 04:00:00,39.92,3.9,262.8,2652.0,EQ027
ST0222,2025-09-10 05:00:00,46.66,3.86,295.5,2723.7,EQ034
ST0223,2025-09-10 06:00:00,68.29,3.31,218.8,2666.1,EQ041
ST0224,2025-09-10 07:00:00,30.04,1.02,282.4,2720.5,EQ048
ST0225,2025-09-10 08:00:00,34.02,1.33,180.5,2636.1,EQ004
ST0226,2025-09-10 09:00:00,42.24,2.9,276.9,2749.7,EQ011
ST0227,2025-09-10 10:00:00,53.87,1.71,220.6,2874.7,EQ018
ST0228,2025-09-10 11:00:00,64.94,3.69,250.3,2932.5,EQ025
ST0229,2025-09-10 12:00:00,65.31,3.17,164.4,2651.4,EQ032
ST0230,2025-09-10 13:00:00,68.15,0.97,266.0,2959.2,EQ039
ST0231,2025-09-10 14:00:00,70.99,3.06,213.7,2757.5,EQ046
ST0232,2025-09-10 15:00:00,33.58,2.21,261.1,2834.6,EQ005
ST0233,2025-09-10 16:00:00,41.08,2.63,265.2,2747.7,EQ012
ST0234,2025-09-10 17:00:00,46.99,3.38,241.6,2900.7,EQ019
ST0235,2025-09-10 18:00:00,75.73,2.76,170.7,2675.2,EQ026
ST0236,2025-09-10 19:00:00,40.56,2.02,200.9,2861.6,EQ033
ST0237,2025-09-10 20:00:00,51.29,1.5,208.0,2928.5,EQ040
ST0238,2025-09-10 21:00:00,31.74,3.85,213.3,2665.4,EQ047
ST0239,2025-09-10 22:00:00,64.12,3.42,219.7,2633.1,EQ006
ST0240,2025-09-10 23:00:00,64.3,0.85,279.4,2921.4,EQ013
ST0241,2025-09-11 00:00:00,30.61,1.62,236.2,2753.6,EQ020
ST0242,2025-09-11 01:00:00,52.73,2.2,294.0,2760.7,EQ027
ST0243,2025-09-11 02:00:00,68.57,1.56,188.8,2853.6,EQ034
ST0244,2025-09-11 03:00:00,60.18,3.31,217.5,2749.1,EQ041
ST0245,2025-09-11 04:00:00,53.68,1.67,230.3,2745.9,EQ048
ST0246,2025-09-11 05:00:00,69.27,3.93,229.8,2753.4,EQ004
ST0247,2025-09-11 06:00:00,63.74,1.03,200.6,2973.7,EQ011
ST0248,2025-09-11 07:00:00,59.51,1.19,271.9,2891.1,EQ018
ST0249,2025-09-11 08:00:00,52.75,0.67,192.3,2648.6,EQ025
ST0250,2025-09-11 09:00:00,54.48,1.78,283.4,2874.6,EQ032
ST0251,2025-09-11 10:00:00,42.62,1.68,194.4,2927.7,EQ039
ST0252,2025-09-11 11:00:00,57.14,1.13,203.5,2607.0,EQ046
ST0253,2025-09-11 12:00:00,46.23,2.73,239.4,2742.9,EQ005
ST0254,2025-09-11 13:00:00,31.83,3.09,187.3,2633.6,EQ012
ST0255,2025-09-11 14:00:00,34.73,3.04,244.9,2772.4,EQ019
ST0256,2025-09-11 15:00:00,43.73,3.9,253.3,2697.6,EQ026
ST0257,2025-09-11 16:00:00,71.28,3.42,259.9,2809.4,EQ033
ST0258,2025-09-11 17:00:00,52.92,0.77,205.9,2658.7,EQ040
ST0259,2025-09-11 18:00:00,78.84,2.73,282.3,2752.8,EQ047
ST0260,2025-09-11 19:00:00,79.01,0.78,289.1,2899.7,EQ006
ST0261,2025-09-11 20:00:00,51.13,0.58,292.6,2702.7,EQ013
ST0262,2025-09-11 21:00:00,62.64,3.59,275.5,2773.4,EQ020
ST0263,2025-09-11 22:00:00,35.82,1.17,189.1,2721.3,EQ027
ST0264,2025-09-11 23:00:00,55.7,3.49,186.6,2919.6,EQ034
ST0265,2025-09-12 00:00:00,48.71,2.16,264.1,2774.8,EQ041
ST0266,2025-09-12 01:00:00,67.34,3.22,191.5,2868.6,EQ048
ST0267,2025-09-12 02:00:00,60.23,3.68,251.7,2709.1,EQ004
ST0268,2025-09-12 03:00:00,50.36,0.57,212.1,2651.9,EQ011
ST0269,2025-09-12 04:00:00,43.35,2.6,296.4,2727.3,EQ018
ST0270,2025-09-12 05:00:00,41.07,0.56,198.7,2625.5,EQ025
ST0271,2025-09-12 06:00:00,44.39,2.99,274.0,2835.2,EQ032
ST0272,2025-09-12 07:00:00,61.74,1.65,208.4,2971.9,EQ039
ST0273,2025-09-12 08:00:00,30.63,1.69,202.0,2777.8,EQ046
ST0274,2025-09-12 09:00:00,53.1,3.1,181.6,2879.1,EQ005
ST0275,2025-09-12 10:00:00,63.65,1.39,154.8,2940.9,EQ012
ST0276,2025-09-12 11:00:00,78.39,2.71,234.2,2738.1,EQ019
ST0277,2025-09-12 12:00:00,40.38,3.95,205.4,2716.7,EQ026
ST0278,2025-09-12 13:00:00,45.77,2.86,154.4,2849.9,EQ033
ST0279,2025-09-12 14:00:00,38.34,1.73,214.7,2998.3,EQ040
ST0280,2025-09-12 15:00:00,31.17,3.91,233.5,2796.3,EQ047
ST0281,2025-09-12 16:00:00,41.74,3.72,169.8,2842.8,EQ006
ST0282,2025-09-12 17:00:00,72.48,0.84,182.7,2996.9,EQ013
ST0283,2025-09-12 18:00:00,58.54,1.13,173.9,2911.0,EQ020
ST0284,2025-09-12 19:00:00,66.72,1.9,211.3,2900.5,EQ027
ST0285,2025-09-12 20:00:00,50.91,2.6,197.9,2745.3,EQ034
ST0286,2025-09-12 21:00:00,35.28,3.6,294.0,2904.7,EQ041
ST0287,2025-09-12 22:00:00,45.89,2.37,208.8,2943.6,EQ048
ST0288,2025-09-12 23:00:00,54.74,2.12,273.9,2779.8,EQ004
ST0289,2025-09-13 00:00:00,76.2,1.12,193.3,2813.1,EQ011
ST0290,2025-09-13 01:00:00,46.7,2.12,175.8,2962.9,EQ018
ST0291,2025-09-13 02:00:00,49.17,2.79,296.1,2764.1,EQ025
ST0292,2025-09-13 03:00:00,61.82,2.67,170.8,2848.0,EQ032
ST0293,2025-09-13 04:00:00,79.95,2.6,259.8,2978.2,EQ039
ST0294,2025-09-13 05:00:00,46.25,1.37,235.4,2788.8,EQ046
ST0295,2025-09-13 06:00:00,34.55,1.8,261.4,2953.4,EQ005
ST0296,2025-09-13 07:00:00,62.71,2.43,279.5,2940.1,EQ012
ST0297,2025-09-13 08:00:00,38.07,1.79,281.2,2670.1,EQ019
ST0298,2025-09-13 09:00:00,76.86,3.72,198.4,2717.2,EQ026
ST0299,2025-09-13 10:00:00,74.72,1.22,219.2,2698.0,EQ033
ST0300,2025-09-13 11:00:00,60.16,3.96,269.5,2989.1,EQ040
ST0301,2025-09-13 12:00:00,55.01,0.89,240.6,2732.5,EQ047
ST0302,2025-09-13 13:00:00,76.01,1.06,219.3,2985.0,EQ006
ST0303,2025-09-13 14:00:00,30.34,0.61,251.5,2946.8,EQ013
ST0304,2025-09-13 15:00:00,79.78,3.52,160.6,2766.8,EQ020
ST0305,2025-09-13 16:00:00,43.0,3.01,168.1,2910.6,EQ027
ST0306,2025-09-13 17:00:00,62.35,2.37,153.6,2792.3,EQ034
ST0307,2025-09-13 18:00:00,66.3,1.53,209.8,2928.9,EQ041
ST0308,2025-09-13 19:00:00,68.44,1.77,257.5,2804.6,EQ048
ST0309,2025-09-13 20:00:00,62.48,2.0,168.6,2658.4,EQ004
ST0310,2025-09-13 21:00:00,43.12,3.39,263.0,2644.7,EQ011
ST0311,2025-09-13 22:00:00,38.45,1.95,201.0,2965.2,EQ018
ST0312,2025-09-13 23:00:00,69.78,1.24,164.6,2856.8,EQ025
ST0313,2025-09-14 00:00:00,33.7,3.65,223.7,2697.9,EQ032
ST0314,2025-09-14 01:00:00,43.0,1.53,216.7,2914.9,EQ039
ST0315,2025-09-14 02:00:00,64.98,2.49,239.2,2904.5,EQ046
ST0316,2025-09-14 03:00:00,37.4,1.51,183.2,2748.3,EQ005
ST0317,2025-09-14 04:00:00,48.14,1.52,291.7,2663.3,EQ012
ST0318,2025-09-14 05:00:00,61.69,2.16,216.0,2718.0,EQ019
ST0319,2025-09-14 06:00:00,67.19,2.93,172.0,2716.9,EQ026
ST0320,2025-09-14 07:00:00,49.21,2.73,154.2,2684.7,EQ033
ST0321,2025-09-14 08:00:00,45.15,2.54,188.9,2888.5,EQ040
ST0322,2025-09-14 09:00:00,67.27,3.99,210.9,2847.4,EQ047
ST0323,2025-09-14 10:00:00,38.52,1.7,173.4,2941.0,EQ006
ST0324,2025-09-14 11:00:00,45.71,1.81,279.8,2794.1,EQ013
ST0325,2025-09-14 12:00:00,38.46,2.34,176.3,2958.9,EQ020
ST0326,2025-09-14 13:00:00,30.71,3.81,201.4,2723.7,EQ027
ST0327,2025-09-14 14:00:00,41.22,1.47,266.7,2915.7,EQ034
ST0328,2025-09-14 15:00:00,62.5,1.75,218.9,2965.1,EQ041
ST0329,2025-09-14 16:00:00,75.32,3.44,276.9,2913.2,EQ048
ST0330,2025-09-14 17:00:00,56.21,1.3,180.4,2865.7,EQ004
ST0331,2025-09-14 18:00:00,49.92,0.85,199.4,2626.9,EQ011
ST0332,2025-09-14 19:00:00,57.66,2.37,261.2,2949.0,EQ018
ST0333,2025-09-14 20:00:00,78.52,0.7,235.0,2699.2,EQ025
ST0334,2025-09-14 21:00:00,42.8,3.09,253.5,2860.3,EQ032
ST0335,2025-09-14 22:00:00,42.25,2.91,218.4,2616.1,EQ039
ST0336,2025-09-14 23:00:00,60.46,2.43,163.7,2676.0,EQ046
ST0337,2025-09-15 00:00:00,71.53,0.72,285.5,2809.0,EQ005
ST0338,2025-09-15 01:00:00,33.04,1.3,237.9,2832.5,EQ012
ST0339,2025-09-15 02:00:00,53.21,2.38,267.2,2727.5,EQ019
ST0340,2025-09-15 03:00:00,61.7,1.19,167.5,2633.4,EQ026
ST0341,2025-09-15 04:00:00,39.87,2.4,182.2,2794.9,EQ033
ST0342,2025-09-15 05:00:00,58.47,2.54,279.2,2644.6,EQ040
ST0343,2025-09-15 06:00:00,74.33,3.22,179.2,2922.3,EQ047
ST0344,2025-09-15 07:00:00,60.72,2.1,150.1,2901.8,EQ006
ST0345,2025-09-15 08:00:00,60.07,2.22,176.5,2802.9,EQ013
ST0346,2025-09-15 09:00:00,55.71,3.83,194.9,2946.9,EQ020
ST0347,2025-09-15 10:00:00,42.45,1.46,234.2,2723.5,EQ027
ST0348,2025-09-15 11:00:00,52.0,3.92,291.9,2795.0,EQ034
ST0349,2025-09-15 12:00:00,45.96,3.91,220.6,2665.3,EQ041
ST0350,2025-09-15 13:00:00,33.28,2.01,195.7,2970.1,EQ048
ST0351,2025-09-15 14:00:00,52.16,2.73,230.8,2673.1,EQ004
ST0352,2025-09-15 15:00:00,68.94,3.17,182.0,2800.7,EQ011
ST0353,2025-09-15 16:00:00,46.0,2.36,165.4,2720.0,EQ018
ST0354,2025-09-15 17:00:00,60.48,2.5,173.2,2662.6,EQ025
ST0355,2025-09-15 18:00:00,68.32,3.25,277.9,2844.0,EQ032
ST0356,2025-09-15 19:00:00,37.86,3.85,297.2,2861.4,EQ039
ST0357,2025-09-15 20:00:00,69.44,3.23,190.4,2973.1,EQ046
ST0358,2025-09-15 21:00:00,53.6,3.5,195.5,2658.0,EQ005
ST0359,2025-09-15 22:00:00,46.69,1.74,261.8,2779.9,EQ012
ST0360,2025-09-15 23:00:00,51.26,1.88,212.6,2904.9,EQ019
ST0361,2025-09-16 00:00:00,50.2,3.89,203.0,2922.1,EQ026
ST0362,2025-09-16 01:00:00,78.75,3.18,152.9,2881.7,EQ033
ST0363,2025-09-16 02:00:00,40.43,3.01,194.2,2749.4,EQ040
ST0364,2025-09-16 03:00:00,46.09,3.27,198.9,2824.0,EQ047
ST0365,2025-09-16 04:00:00,39.97,1.25,225.4,2942.6,EQ006
ST0366,2025-09-16 05:00:00,35.34,1.35,198.8,2791.9,EQ013
ST0367,2025-09-16 06:00:00,66.06,2.14,295.7,2618.4,EQ020
ST0368,2025-09-16 07:00:00,62.97,2.91,286.3,2794.8,EQ027
ST0369,2025-09-16 08:00:00,44.01,2.62,206.3,2640.6,EQ034
ST0370,2025-09-16 09:00:00,61.98,1.47,205.4,2969.4,EQ041
ST0371,2025-09-16 10:00:00,35.55,0.97,262.5,2729.8,EQ048
ST0372,2025-09-16 11:00:00,68.76,1.95,172.8,2660.2,EQ004
ST0373,2025-09-16 12:00:00,44.94,1.2,163.2,2698.1,EQ011
ST0374,2025-09-16 13:00:00,58.64,3.17,189.1,2812.4,EQ018
ST0375,2025-09-16 14:00:00,44.57,0.58,265.8,2627.2,EQ025
ST0376,2025-09-16 15:00:00,69.3,2.99,197.1,2941.4,EQ032
ST0377,2025-09-16 16:00:00,75.26,2.06,282.7,2673.7,EQ039
ST0378,2025-09-16 17:00:00,53.42,2.11,200.0,2871.1,EQ046
ST0379,2025-09-16 18:00:00,65.2,1.39,262.1,2609.3,EQ005
ST0380,2025-09-16 19:00:00,35.96,1.94,209.4,2794.5,EQ012
ST0381,2025-09-16 20:00:00,32.4,2.35,286.9,2804.9,EQ019
ST0382,2025-09-16 21:00:00,30.81,2.03,154.8,2801.7,EQ026
ST0383,2025-09-16 22:00:00,69.91,3.27,223.8,2829.9,EQ033
ST0384,2025-09-16 23:00:00,61.72,3.07,234.8,2989.7,EQ040
ST0385,2025-09-17 00:00:00,69.03,2.36,269.8,2938.5,EQ047
ST0386,2025-09-17 01:00:00,34.39,3.73,241.5,2997.2,EQ006
ST0387,2025-09-17 02:00:00,67.6,3.18,214.6,2710.7,EQ013
ST0388,2025-09-17 03:00:00,52.56,3.58,260.8,2860.2,EQ020
ST0389,2025-09-17 04:00:00,33.65,2.77,201.0,2811.1,EQ027
ST0390,2025-09-17 05:00:00,64.63,3.37,214.9,2608.6,EQ034
ST0391,2025-09-17 06:00:00,58.74,0.52,274.2,2607.5,EQ041
ST0392,2025-09-17 07:00:00,41.26,2.0,188.8,2689.2,EQ048
ST0393,2025-09-17 08:00:00,63.73,1.64,218.7,2866.2,EQ004
ST0394,2025-09-17 09:00:00,68.5,2.51,203.2,2952.1,EQ011
ST0395,2025-09-17 10:00:00,73.36,1.03,265.9,2682.5,EQ018
ST0396,2025-09-17 11:00:00,39.08,0.59,240.3,2937.9,EQ025
ST0397,2025-09-17 12:00:00,68.97,2.39,293.2,2731.0,EQ032
ST0398,2025-09-17 13:00:00,45.77,1.31,181.3,2721.2,EQ039
ST0399,2025-09-17 14:00:00,51.21,1.45,290.4,2686.9,EQ046
ST0400,2025-09-17 15:00:00,47.77,0.98,284.8,2775.9,EQ005
ST0401,2025-09-17 16:00:00,71.71,1.81,216.6,2897.6,EQ012
ST0402,2025-09-17 17:00:00,67.0,1.83,217.0,2759.7,EQ019
ST0403,2025-09-17 18:00:00,40.28,1.83,272.2,2637.1,EQ026
ST0404,2025-09-17 19:00:00,38.75,3.7,258.7,2648.7,EQ033
ST0405,2025-09-17 20:00:00,67.83,0.92,223.4,2841.9,EQ040
ST0406,2025-09-17 21:00:00,67.48,1.61,178.6,2994.1,EQ047
ST0407,2025-09-17 22:00:00,69.99,1.76,188.3,2644.8,EQ006
ST0408,2025-09-17 23:00:00,52.85,0.53,270.5,2760.1,EQ013
ST0409,2025-09-18 00:00:00,72.87,1.74,291.9,2934.6,EQ020
ST0410,2025-09-18 01:00:00,51.71,3.47,195.1,2999.9,EQ027
ST0411,2025-09-18 02:00:00,34.22,2.75,208.5,2788.5,EQ034
ST0412,2025-09-18 03:00:00,77.57,1.46,247.1,2729.3,EQ041
ST0413,2025-09-18 04:00:00,37.04,1.37,234.7,2651.2,EQ048
ST0414,2025-09-18 05:00:00,37.79,2.93,264.3,2624.5,EQ004
ST0415,2025-09-18 06:00:00,70.12,3.53,249.1,2748.7,EQ011
ST0416,2025-09-18 07:00:00,50.74,1.05,175.9,2974.5,EQ018
ST0417,2025-09-18 08:00:00,78.27,3.1,271.5,2672.6,EQ025
ST0418,2025-09-18 09:00:00,73.95,0.88,174.4,2799.0,EQ032
ST0419,2025-09-18 10:00:00,45.3,2.69,286.3,2706.1,EQ039
ST0420,2025-09-18 11:00:00,46.05,3.24,199.7,2955.5,EQ046
ST0421,2025-09-18 12:00:00,31.71,3.55,287.0,2618.6,EQ005
ST0422,2025-09-18 13:00:00,48.85,2.59,228.8,2663.3,EQ012
ST0423,2025-09-18 14:00:00,30.75,3.64,163.8,2995.3,EQ019
ST0424,2025-09-18 15:00:00,35.62,2.16,297.5,2942.5,EQ026
ST0425,2025-09-18 16:00:00,56.84,0.97,240.5,2854.7,EQ033
ST0426,2025-09-18 17:00:00,45.57,2.14,285.4,2651.3,EQ040
ST0427,2025-09-18 18:00:00,62.82,1.78,242.0,2886.5,EQ047
ST0428,2025-09-18 19:00:00,53.89,3.12,277.8,2678.5,EQ006
ST0429,2025-09-18 20:00:00,40.97,0.95,291.3,2690.2,EQ013
ST0430,2025-09-18 21:00:00,34.11,0.83,210.6,2954.8,EQ020
ST0431,2025-09-18 22:00:00,35.26,1.29,177.7,2863.7,EQ027
ST0432,2025-09-18 23:00:00,46.43,3.91,250.3,2808.0,EQ034
ST0433,2025-09-19 00:00:00,58.86,3.59,264.0,2652.7,EQ041
ST0434,2025-09-19 01:00:00,51.1,2.81,236.9,2973.8,EQ048
ST0435,2025-09-19 02:00:00,31.71,3.67,207.8,2619.2,EQ004
ST0436,2025-09-19 03:00:00,39.89,1.14,171.4,2613.6,EQ011
ST0437,2025-09-19 04:00:00,69.74,1.07,198.4,2828.8,EQ018
ST0438,2025-09-19 05:00:00,54.19,1.7,244.3,2926.8,EQ025
ST0439,2025-09-19 06:00:00,58.86,2.08,182.2,2848.5,EQ032
ST0440,2025-09-19 07:00:00,57.29,0.91,191.9,2907.4,EQ039
ST0441,2025-09-19 08:00:00,76.19,1.68,283.9,2702.1,EQ046
ST0442,2025-09-19 09:00:00,70.35,2.21,232.3,2865.3,EQ005
ST0443,2025-09-19 10:00:00,63.4,1.7,227.9,2625.2,EQ012
ST0444,2025-09-19 11:00:00,48.27,2.75,294.7,2650.5,EQ019
ST0445,2025-09-19 12:00:00,41.36,2.1,166.7,2820.2,EQ026
ST0446,2025-09-19 13:00:00,44.79,3.56,196.1,2774.5,EQ033
ST0447,2025-09-19 14:00:00,79.22,0.79,280.0,2801.9,EQ040
ST0448,2025-09-19 15:00:00,49.88,3.79,299.8,2678.0,EQ047
ST0449,2025-09-19 16:00:00,72.0,1.28,152.5,2893.4,EQ006
ST0450,2025-09-19 17:00:00,47.7,2.6,172.8,2944.0,EQ013
ST0451,2025-09-19 18:00:00,56.25,3.3,204.4,2692.2,EQ020
ST0452,2025-09-19 19:00:00,77.36,2.36,206.2,2640.1,EQ027
ST0453,2025-09-19 20:00:00,38.28,2.72,242.7,2937.3,EQ034
ST0454,2025-09-19 21:00:00,67.56,1.03,291.3,2843.9,EQ041
ST0455,2025-09-19 22:00:00,72.91,1.47,293.9,2979.6,EQ048
ST0456,2025-09-19 23:00:00,44.82,3.65,295.8,2957.5,EQ004
ST0457,2025-09-20 00:00:00,53.4,0.98,290.7,2600.1,EQ011
ST0458,2025-09-20 01:00:00,42.57,2.45,196.7,2969.2,EQ018
ST0459,2025-09-20 02:00:00,60.66,3.86,158.9,2764.2,EQ025
ST0460,2025-09-20 03:00:00,37.19,3.38,264.7,2922.8,EQ032
ST0461,2025-09-20 04:00:00,77.55,1.35,267.9,2858.4,EQ039
ST0462,2025-09-20 05:00:00,49.55,1.18,275.1,2628.2,EQ046
ST0463,2025-09-20 06:00:00,78.17,1.47,283.9,2649.4,EQ005
ST0464,2025-09-20 07:00:00,66.98,3.81,172.8,2777.4,EQ012
ST0465,2025-09-20 08:00:00,63.61,3.16,151.6,2646.9,EQ019
ST0466,2025-09-20 09:00:00,45.56,0.86,244.3,2788.4,EQ026
ST0467,2025-09-20 10:00:00,63.02,1.55,168.7,2897.2,EQ033
ST0468,2025-09-20 11:00:00,52.72,0.75,296.8,2964.2,EQ040
ST0469,2025-09-20 12:00:00,47.07,1.45,298.2,2752.6,EQ047
ST0470,2025-09-20 13:00:00,74.56,0.89,220.0,2834.0,EQ006
ST0471,2025-09-20 14:00:00,73.81,2.92,269.2,2903.4,EQ013
ST0472,2025-09-20 15:00:00,41.23,0.86,299.6,2841.3,EQ020
ST0473,2025-09-20 16:00:00,59.95,1.77,280.4,2866.0,EQ027
ST0474,2025-09-20 17:00:00,71.84,3.87,213.3,2855.2,EQ034
ST0475,2025-09-20 18:00:00,73.26,1.48,258.6,2710.3,EQ041
ST0476,2025-09-20 19:00:00,42.58,2.28,212.9,2934.5,EQ048
ST0477,2025-09-20 20:00:00,79.15,0.79,165.2,2922.4,EQ004
ST0478,2025-09-20 21:00:00,42.14,2.23,238.7,2866.3,EQ011
ST0479,2025-09-20 22:00:00,35.2,3.23,256.3,2824.3,EQ018
ST0480,2025-09-20 23:00:00,71.87,1.82,227.8,2970.1,EQ025
ST0481,2025-09-21 00:00:00,49.13,2.61,238.6,2917.4,EQ032
ST0482,2025-09-21 01:00:00,77.7,2.51,167.6,2905.6,EQ039
ST0483,2025-09-21 02:00:00,48.04,2.85,285.6,2768.7,EQ046
ST0484,2025-09-21 03:00:00,49.69,3.11,202.1,2915.3,EQ005
ST0485,2025-09-21 04:00:00,72.61,2.51,228.4,2976.1,EQ012
ST0486,2025-09-21 05:00:00,70.66,2.7,266.6,2867.6,EQ019
ST0487,2025-09-21 06:00:00,31.28,2.48,153.6,2978.4,EQ026
ST0488,2025-09-21 07:00:00,34.94,3.72,270.3,2891.6,EQ033
ST0489,2025-09-21 08:00:00,72.47,1.39,272.8,2737.6,EQ040
ST0490,2025-09-21 09:00:00,78.68,1.37,216.9,2619.1,EQ047
ST0491,2025-09-21 10:00:00,52.91,3.97,189.5,2917.5,EQ006
ST0492,2025-09-21 11:00:00,40.47,3.2,232.1,2728.8,EQ013
ST0493,2025-09-21 12:00:00,50.07,1.72,272.3,2937.9,EQ020
ST0494,2025-09-21 13:00:00,72.83,1.67,242.5,2895.9,EQ027
ST0495,2025-09-21 14:00:00,71.81,1.3,274.3,2640.5,EQ034
ST0496,2025-09-21 15:00:00,66.1,2.74,196.9,2798.9,EQ041
ST0497,2025-09-21 16:00:00,39.31,1.84,189.7,2883.0,EQ048
ST0498,2025-09-21 17:00:00,47.53,3.32,284.4,2901.9,EQ004
ST0499,2025-09-21 18:00:00,77.97,1.63,166.7,2832.7,EQ011
ST0500,2025-09-21 19:00:00,75.44,2.95,234.1,2902.7,EQ018
ST0501,2025-09-21 20:00:00,56.91,1.89,254.3,2679.4,EQ025
ST0502,2025-09-21 21:00:00,34.53,2.59,281.5,2761.9,EQ032
ST0503,2025-09-21 22:00:00,43.17,3.01,229.9,2758.7,EQ039
ST0504,2025-09-21 23:00:00,76.06,0.86,293.4,2925.8,EQ046
ST0505,2025-09-22 00:00:00,74.37,1.53,235.5,2632.9,EQ005
ST0506,2025-09-22 01:00:00,79.97,2.05,156.1,2819.2,EQ012
ST0507,2025-09-22 02:00:00,63.38,1.46,224.2,2933.3,EQ019
ST0508,2025-09-22 03:00:00,79.16,1.36,183.9,2859.2,EQ026
ST0509,2025-09-22 04:00:00,40.8,0.54,186.6,2608.3,EQ033
ST0510,2025-09-22 05:00:00,60.61,3.43,212.2,2820.5,EQ040
ST0511,2025-09-22 06:00:00,58.4,1.94,277.2,2832.4,EQ047
ST0512,2025-09-22 07:00:00,61.36,3.61,296.9,2898.7,EQ006
ST0513,2025-09-22 08:00:00,65.34,3.94,270.5,2705.4,EQ013
ST0514,2025-09-22 09:00:00,48.51,3.65,290.5,2728.1,EQ020
ST0515,2025-09-22 10:00:00,47.85,3.85,170.2,2944.0,EQ027
ST0516,2025-09-22 11:00:00,79.31,1.36,230.7,2651.5,EQ034
ST0517,2025-09-22 12:00:00,79.05,3.24,226.1,2790.3,EQ041
ST0518,2025-09-22 13:00:00,45.67,3.33,240.6,2888.0,EQ048
ST0519,2025-09-22 14:00:00,65.88,2.76,233.1,2994.0,EQ004
ST0520,2025-09-22 15:00:00,53.26,2.51,158.0,2847.5,EQ011
ST0521,2025-09-22 16:00:00,54.86,2.03,293.0,2668.5,EQ018
ST0522,2025-09-22 17:00:00,58.0,2.46,158.6,2739.0,EQ025
ST0523,2025-09-22 18:00:00,73.38,1.02,252.3,2626.2,EQ032
ST0524,2025-09-22 19:00:00,65.94,2.49,292.1,2891.1,EQ039
ST0525,2025-09-22 20:00:00,65.68,2.22,255.6,2977.1,EQ046
ST0526,2025-09-22 21:00:00,79.31,1.25,217.8,2815.4,EQ005
ST0527,2025-09-22 22:00:00,63.73,1.66,235.5,2950.4,EQ012
ST0528,2025-09-22 23:00:00,77.31,1.0,230.9,2872.5,EQ019
ST0529,2025-09-23 00:00:00,45.72,0.52,241.4,2884.8,EQ026
ST0530,2025-09-23 01:00:00,47.92,0.92,296.6,2845.5,EQ033
ST0531,2025-09-23 02:00:00,56.49,3.06,259.9,2699.5,EQ040
ST0532,2025-09-23 03:00:00,60.08,3.16,176.9,2672.5,EQ047
ST0533,2025-09-23 04:00:00,62.47,2.23,167.9,2635.6,EQ006
ST0534,2025-09-23 05:00:00,77.31,2.51,292.4,2755.0,EQ013
ST0535,2025-09-23 06:00:00,50.38,2.94,170.8,2737.3,EQ020
ST0536,2025-09-23 07:00:00,34.79,1.74,256.1,2951.6,EQ027
ST0537,2025-09-23 08:00:00,54.98,1.15,210.2,2690.7,EQ034
ST0538,2025-09-23 09:00:00,79.28,2.72,201.0,2900.7,EQ041
ST0539,2025-09-23 10:00:00,56.19,0.57,240.9,2992.8,EQ048
ST0540,2025-09-23 11:00:00,32.96,1.81,175.3,2985.4,EQ004
ST0541,2025-09-23 12:00:00,56.46,0.52,207.7,2611.1,EQ011
ST0542,2025-09-23 13:00:00,75.26,2.47,278.9,2982.3,EQ018
ST0543,2025-09-23 14:00:00,39.42,2.67,177.3,2687.3,EQ025
ST0544,2025-09-23 15:00:00,47.26,3.55,286.9,2839.9,EQ032
ST0545,2025-09-23 16:00:00,58.7,3.62,256.0,2951.9,EQ039
ST0546,2025-09-23 17:00:00,38.87,1.02,272.8,2612.1,EQ046
ST0547,2025-09-23 18:00:00,31.94,2.38,293.7,2976.3,EQ005
ST0548,2025-09-23 19:00:00,70.36,1.59,193.7,2739.6,EQ012
ST0549,2025-09-23 20:00:00,39.02,2.31,285.0,2799.1,EQ019
ST0550,2025-09-23 21:00:00,60.18,3.99,288.0,2975.1,EQ026
ST0551,2025-09-23 22:00:00,76.43,2.42,208.3,2779.2,EQ033
ST0552,2025-09-23 23:00:00,35.82,2.44,200.8,2746.3,EQ040
ST0553,2025-09-24 00:00:00,41.97,3.36,178.3,2761.7,EQ047
ST0554,2025-09-24 01:00:00,47.92,3.71,288.2,2924.4,EQ006
ST0555,2025-09-24 02:00:00,75.48,2.98,275.9,2639.5,EQ013
ST0556,2025-09-24 03:00:00,55.99,2.82,198.1,2810.9,EQ020
ST0557,2025-09-24 04:00:00,58.75,2.36,209.1,2818.6,EQ027
ST0558,2025-09-24 05:00:00,40.05,1.62,217.2,2679.2,EQ034
ST0559,2025-09-24 06:00:00,77.21,1.99,215.3,2633.0,EQ041
ST0560,2025-09-24 07:00:00,31.19,0.87,234.2,2843.9,EQ048
ST0561,2025-09-24 08:00:00,45.29,3.97,265.6,2908.3,EQ004
ST0562,2025-09-24 09:00:00,64.95,2.35,156.2,2978.7,EQ011
ST0563,2025-09-24 10:00:00,45.36,2.56,285.0,2817.1,EQ018
ST0564,2025-09-24 11:00:00,62.05,3.09,230.1,2618.9,EQ025
ST0565,2025-09-24 12:00:00,45.15,1.16,294.6,2621.0,EQ032
ST0566,2025-09-24 13:00:00,71.27,3.56,260.8,2809.6,EQ039
ST0567,2025-09-24 14:00:00,38.91,1.8,254.9,2964.3,EQ046
ST0568,2025-09-24 15:00:00,34.93,3.82,283.9,2885.0,EQ005
ST0569,2025-09-24 16:00:00,33.65,1.21,181.0,2856.2,EQ012
ST0570,2025-09-24 17:00:00,30.78,3.73,180.9,2875.8,EQ019
ST0571,2025-09-24 18:00:00,76.22,0.52,186.1,2925.5,EQ026
ST0572,2025-09-24 19:00:00,71.57,3.95,298.1,2930.6,EQ033
ST0573,2025-09-24 20:00:00,48.59,3.43,156.7,2656.7,EQ040
ST0574,2025-09-24 21:00:00,42.31,2.84,282.3,2769.1,EQ047
ST0575,2025-09-24 22:00:00,58.53,3.52,243.9,2682.0,EQ006
ST0576,2025-09-24 23:00:00,73.93,3.08,190.9,2876.1,EQ013
ST0577,2025-09-25 00:00:00,50.79,1.95,191.7,2960.4,EQ020
ST0578,2025-09-25 01:00:00,70.84,2.21,240.0,2850.6,EQ027
ST0579,2025-09-25 02:00:00,49.77,2.94,217.4,2865.2,EQ034
ST0580,2025-09-25 03:00:00,41.15,2.73,167.3,2960.9,EQ041
ST0581,2025-09-25 04:00:00,54.43,1.14,199.1,2977.4,EQ048
ST0582,2025-09-25 05:00:00,42.82,2.88,289.6,2759.3,EQ004
ST0583,2025-09-25 06:00:00,56.81,1.5,235.5,2643.4,EQ011
ST0584,2025-09-25 07:00:00,35.97,3.38,282.6,2980.1,EQ018
ST0585,2025-09-25 08:00:00,57.74,2.24,169.1,2998.2,EQ025
ST0586,2025-09-25 09:00:00,53.45,0.88,184.3,2933.2,EQ032
ST0587,2025-09-25 10:00:00,39.22,3.17,271.0,2696.7,EQ039
ST0588,2025-09-25 11:00:00,60.77,2.03,171.4,2838.8,EQ046
ST0589,2025-09-25 12:00:00,32.05,3.77,265.0,2675.6,EQ005
ST0590,2025-09-25 13:00:00,40.52,1.61,235.3,2979.4,EQ012
ST0591,2025-09-25 14:00:00,47.07,3.83,288.3,2740.0,EQ019
ST0592,2025-09-25 15:00:00,40.03,2.75,208.7,2661.2,EQ026
ST0593,2025-09-25 16:00:00,44.59,0.72,177.6,2677.7,EQ033
ST0594,2025-09-25 17:00:00,62.9,2.04,280.7,2627.8,EQ040
ST0595,2025-09-25 18:00:00,42.29,2.35,233.5,2657.3,EQ047
ST0596,2025-09-25 19:00:00,78.21,0.7,252.7,2764.0,EQ006
ST0597,2025-09-25 20:00:00,56.71,2.67,175.5,2973.1,EQ013
ST0598,2025-09-25 21:00:00,48.52,1.0,165.6,2693.5,EQ020
ST0599,2025-09-25 22:00:00,49.06,2.47,272.1,2907.5,EQ027
ST0600,2025-09-25 23:00:00,35.98,1.29,244.2,2825.5,EQ034
ST0601,2025-09-26 00:00:00,33.7,2.77,286.6,2974.9,EQ041
ST0602,2025-09-26 01:00:00,62.24,1.49,242.4,2779.9,EQ048
ST0603,2025-09-26 02:00:00,67.4,2.89,241.9,2738.1,EQ004
ST0604,2025-09-26 03:00:00,79.4,2.09,287.9,2661.3,EQ011
ST0605,2025-09-26 04:00:00,56.82,1.76,171.7,2854.8,EQ018
ST0606,2025-09-26 05:00:00,38.72,3.89,299.9,2952.8,EQ025
ST0607,2025-09-26 06:00:00,48.4,0.57,270.8,2657.6,EQ032
ST0608,2025-09-26 07:00:00,53.0,2.99,231.2,2690.8,EQ039
ST0609,2025-09-26 08:00:00,50.11,3.44,202.9,2976.8,EQ046
ST0610,2025-09-26 09:00:00,51.06,1.96,260.0,2777.6,EQ005
ST0611,2025-09-26 10:00:00,49.42,1.77,198.9,2759.6,EQ012
ST0612,2025-09-26 11:00:00,66.17,1.22,182.5,2676.4,EQ019
ST0613,2025-09-26 12:00:00,39.73,3.56,248.9,2847.6,EQ026
ST0614,2025-09-26 13:00:00,75.02,2.42,264.6,2763.3,EQ033
ST0615,2025-09-26 14:00:00,62.2,1.25,171.2,2643.5,EQ040
ST0616,2025-09-26 15:00:00,62.61,1.55,274.9,2909.8,EQ047
ST0617,2025-09-26 16:00:00,61.18,0.68,182.6,2820.7,EQ006
ST0618,2025-09-26 17:00:00,37.84,1.85,227.6,2672.1,EQ013
ST0619,2025-09-26 18:00:00,52.15,2.93,207.9,2866.8,EQ020
ST0620,2025-09-26 19:00:00,43.67,3.11,234.5,2662.3,EQ027
ST0621,2025-09-26 20:00:00,50.09,3.24,179.7,2764.5,EQ034
ST0622,2025-09-26 21:00:00,53.43,3.54,169.6,2972.5,EQ041
ST0623,2025-09-26 22:00:00,45.81,3.77,241.8,2894.1,EQ048
ST0624,2025-09-26 23:00:00,73.8,2.87,268.0,2634.3,EQ004
ST0625,2025-09-27 00:00:00,30.43,3.52,157.9,2941.0,EQ011
ST0626,2025-09-27 01:00:00,45.66,3.66,180.5,2660.2,EQ018
ST0627,2025-09-27 02:00:00,40.65,3.44,204.4,2963.7,EQ025
ST0628,2025-09-27 03:00:00,59.17,3.4,221.3,2881.4,EQ032
ST0629,2025-09-27 04:00:00,44.49,0.86,234.3,2960.3,EQ039
ST0630,2025-09-27 05:00:00,37.6,1.95,229.8,2847.3,EQ046
ST0631,2025-09-27 06:00:00,37.91,2.43,220.4,2993.3,EQ005
ST0632,2025-09-27 07:00:00,64.5,3.66,296.4,2865.5,EQ012
ST0633,2025-09-27 08:00:00,37.33,2.06,263.4,2654.2,EQ019
ST0634,2025-09-27 09:00:00,49.05,1.83,175.6,2608.0,EQ026
ST0635,2025-09-27 10:00:00,64.41,3.36,289.6,2834.0,EQ033
ST0636,2025-09-27 11:00:00,39.09,3.63,295.5,2978.6,EQ040
ST0637,2025-09-27 12:00:00,58.34,3.6,298.2,2954.6,EQ047
ST0638,2025-09-27 13:00:00,33.44,0.97,195.0,2757.4,EQ006
ST0639,2025-09-27 14:00:00,37.47,3.98,268.6,2867.6,EQ013
ST0640,2025-09-27 15:00:00,78.08,1.62,256.7,2979.5,EQ020
ST0641,2025-09-27 16:00:00,34.15,2.61,269.9,2606.4,EQ027
ST0642,2025-09-27 17:00:00,74.55,1.96,175.4,2940.5,EQ034
ST0643,2025-09-27 18:00:00,39.6,1.48,228.1,2966.4,EQ041
ST0644,2025-09-27 19:00:00,54.48,3.67,157.8,2695.5,EQ048
ST0645,2025-09-27 20:00:00,45.33,2.07,214.9,2616.2,EQ004
ST0646,2025-09-27 21:00:00,67.5,3.16,218.7,2632.1,EQ011
ST0647,2025-09-27 22:00:00,57.56,0.96,296.7,2849.7,EQ018
ST0648,2025-09-27 23:00:00,66.73,0.57,207.1,2961.8,EQ025
ST0649,2025-09-28 00:00:00,49.0,0.63,250.8,2878.7,EQ032
ST0650,2025-09-28 01:00:00,46.78,3.31,278.0,2913.6,EQ039
ST0651,2025-09-28 02:00:00,50.36,1.7,291.4,2887.6,EQ046
ST0652,2025-09-28 03:00:00,57.62,2.21,190.0,2965.3,EQ005
ST0653,2025-09-28 04:00:00,75.94,0.8,249.9,2727.4,EQ012
ST0654,2025-09-28 05:00:00,55.44,0.9,271.6,2922.5,EQ019
ST0655,2025-09-28 06:00:00,35.35,0.76,206.0,2661.6,EQ026
ST0656,2025-09-28 07:00:00,70.07,3.23,279.6,2603.9,EQ033
ST0657,2025-09-28 08:00:00,30.67,3.32,280.5,2847.0,EQ040
ST0658,2025-09-28 09:00:00,37.81,2.69,280.7,2784.3,EQ047
ST0659,2025-09-28 10:00:00,73.67,3.25,165.9,2648.8,EQ006
ST0660,2025-09-28 11:00:00,65.21,1.2,261.9,2632.5,EQ013
ST0661,2025-09-28 12:00:00,34.59,3.83,150.6,2916.6,EQ020
ST0662,2025-09-28 13:00:00,41.65,0.67,161.9,2728.2,EQ027
ST0663,2025-09-28 14:00:00,56.47,2.17,179.6,2995.2,EQ034
ST0664,2025-09-28 15:00:00,60.27,1.15,193.2,2870.5,EQ041
ST0665,2025-09-28 16:00:00,73.25,0.71,177.7,2602.5,EQ048
ST0666,2025-09-28 17:00:00,38.79,1.19,171.6,2816.8,EQ004
ST0667,2025-09-28 18:00:00,78.64,2.95,255.4,2630.3,EQ011
ST0668,2025-09-28 19:00:00,39.35,1.62,298.8,2665.0,EQ018
ST0669,2025-09-28 20:00:00,61.76,2.57,240.2,2802.7,EQ025
ST0670,2025-09-28 21:00:00,44.27,1.99,273.7,2894.2,EQ032
ST0671,2025-09-28 22:00:00,56.53,2.79,295.2,2700.7,EQ039
ST0672,2025-09-28 23:00:00,67.71,0.73,159.4,2737.7,EQ046
ST0673,2025-09-29 00:00:00,66.65,2.67,272.7,2632.0,EQ005
ST0674,2025-09-29 01:00:00,68.22,3.01,151.8,2897.7,EQ012
ST0675,2025-09-29 02:00:00,34.41,2.56,287.5,2744.6,EQ019
ST0676,2025-09-29 03:00:00,64.05,2.87,159.9,2705.0,EQ026
ST0677,2025-09-29 04:00:00,71.99,2.08,261.3,2792.2,EQ033
ST0678,2025-09-29 05:00:00,54.98,3.17,197.0,2999.6,EQ040
ST0679,2025-09-29 06:00:00,39.51,2.56,156.4,2741.2,EQ047
ST0680,2025-09-29 07:00:00,53.25,2.12,288.5,2938.6,EQ006
ST0681,2025-09-29 08:00:00,78.61,2.12,284.9,2780.9,EQ013
ST0682,2025-09-29 09:00:00,37.1,3.13,212.9,2609.8,EQ020
ST0683,2025-09-29 10:00:00,36.97,1.61,298.5,2852.9,EQ027
ST0684,2025-09-29 11:00:00,49.97,0.55,268.7,2864.7,EQ034
ST0685,2025-09-29 12:00:00,38.64,2.58,177.6,2637.9,EQ041
ST0686,2025-09-29 13:00:00,49.56,1.02,200.6,2608.7,EQ048
ST0687,2025-09-29 14:00:00,49.61,1.56,293.3,2819.7,EQ004
ST0688,2025-09-29 15:00:00,41.39,2.2,258.6,2773.1,EQ011
ST0689,2025-09-29 16:00:00,77.37,1.06,295.4,2623.9,EQ018
ST0690,2025-09-29 17:00:00,78.07,0.73,198.5,2790.7,EQ025
ST0691,2025-09-29 18:00:00,44.47,1.32,291.5,2921.4,EQ032
ST0692,2025-09-29 19:00:00,50.82,0.55,196.2,2663.4,EQ039
ST0693,2025-09-29 20:00:00,61.52,2.89,214.3,2648.7,EQ046
ST0694,2025-09-29 21:00:00,36.47,1.49,258.7,2922.8,EQ005
ST0695,2025-09-29 22:00:00,73.2,1.79,295.6,2625.2,EQ012
ST0696,2025-09-29 23:00:00,52.35,1.96,181.4,2730.5,EQ019
ST0697,2025-09-30 00:00:00,41.67,3.55,196.9,2966.3,EQ026
ST0698,2025-09-30 01:00:00,78.63,3.25,233.2,2830.9,EQ033
ST0699,2025-09-30 02:00:00,46.55,1.18,169.1,2728.7,EQ040
ST0700,2025-09-30 03:00:00,61.63,3.9,184.3,2837.1,EQ047
ST0701,2025-09-30 04:00:00,41.85,3.37,223.3,2787.9,EQ006
ST0702,2025-09-30 05:00:00,30.97,2.29,164.3,2900.1,EQ013
ST0703,2025-09-30 06:00:00,61.18,0.78,223.6,2841.0,EQ020
ST0704,2025-09-30 07:00:00,74.55,3.85,189.9,2779.8,EQ027
ST0705,2025-09-30 08:00:00,68.87,3.27,191.4,2657.2,EQ034
ST0706,2025-09-30 09:00:00,72.39,0.71,187.0,2853.2,EQ041
ST0707,2025-09-30 10:00:00,46.36,3.39,222.4,2658.4,EQ048
ST0708,2025-09-30 11:00:00,43.64,1.62,297.8,2841.9,EQ004
ST0709,2025-09-30 12:00:00,56.82,3.38,246.9,2983.1,EQ011
ST0710,2025-09-30 13:00:00,59.88,0.92,260.0,2894.2,EQ018
ST0711,2025-09-30 14:00:00,39.75,3.3,192.4,2916.3,EQ025
ST0712,2025-09-30 15:00:00,51.15,3.37,151.6,2704.4,EQ032
ST0713,2025-09-30 16:00:00,37.2,0.59,247.7,2904.9,EQ039
ST0714,2025-09-30 17:00:00,33.94,2.13,286.5,2659.0,EQ046
ST0715,2025-09-30 18:00:00,61.29,2.44,239.1,2903.4,EQ005
ST0716,2025-09-30 19:00:00,35.39,1.46,191.4,2882.5,EQ012
ST0717,2025-09-30 20:00:00,52.67,1.07,169.3,2982.4,EQ019
ST0718,2025-09-30 21:00:00,36.2,3.54,232.9,2747.5,EQ026
ST0719,2025-09-30 22:00:00,45.76,3.02,232.5,2851.6,EQ033
ST0720,2025-09-30 23:00:00,62.32,1.88,199.0,2934.4,EQ040
